7
20
281614559 249378726 433981094 466775639 683612870
59536386 999828879 241246766 434670565 174365647
172060134 848462699 857413429 182122460 807914643
808426426 600772095 829463884 974102196 354283529
370037909 1024921880 664216868 194331103 140834169
917331875 242953442 205247688 335469789 1055568137
823475244 641321246 617915164 160300810 1073617378
892669150 939175632 904628449 606339993 1059849410
829170894 436718235 288920513 228195002 55212938
772189413 373108543 94133155 610930061 513937768
986619331 175674265 812546186 865335970 605634588
880196843 1071068047 723408215 587598264 380801783
393196081 141080294 584230885 135343295 661927186
5740819 967233824 22597607 888639499 467454437
365679801 515258603 989059385 962028117 761163096
357270919 737051059 569528959 935653628 70506031
869282414 947492121 280522456 96822010 856514221
155948699 826430734 291243254 381421299 617876780
980891674 833928389 1048677341 522527723 223764850
50617939 963598173 281959650 499436870 47455938
